8 1 2 0.000115416
8 1 1 0.000120481
8 1 4 0.000116087
8 1 8 0.000174687
8 4 1 8.91881e-05
8 1 16 0.000305278
8 4 2 0.000117698
8 4 4 0.000158868
8 4 16 0.000663814
8 4 8 0.000164621
16 1 4 0.00603454
16 1 2 0.0115382
16 1 1 0.0201895
16 1 8 0.00384057
16 1 16 0.00263798
16 4 2 0.0105136
16 4 1 0.0200623
16 4 4 0.00616096
16 4 8 0.00338941
32 1 1 6.41681e-06
16 4 16 0.00280275
32 1 2 4.26974e-05
32 1 4 6.94385e-05
32 1 8 0.000145802
32 1 16 0.000272171
32 4 1 6.7614e-06
32 4 2 4.08627e-05
32 4 4 7.64998e-05
32 4 8 0.000155278
32 4 16 0.000283403
